#!/usr/bin/env octave

format long

root = 810.491484086
area_reference  = 1.15315084119231*root*root
x_moment_length = 0.801672958512342*root
y_moment_length = 1.47601797621980*root
reynolds_number = 14.6e6/root
